-0.790 -0.923 -1.115 -1.323 -1.536 -1.749 -1.950 -2.119 -2.230 -2.246 -2.159 -1.996 -1.782 -1.535 -1.258 -0.942 -0.582 -0.183  0.226
-0.528 -0.593 -0.669 -0.788 -0.938 -1.102 -1.263 -1.400 -1.482 -1.491 -1.419 -1.278 -1.094 -0.885 -0.657 -0.409 -0.136  0.171  0.516
-0.531 -0.525 -0.519 -0.518 -0.535 -0.578 -0.638 -0.695 -0.725 -0.713 -0.650 -0.542 -0.396 -0.223 -0.030  0.182  0.413  0.669  0.951
-0.547 -0.525 -0.504 -0.465 -0.399 -0.305 -0.202 -0.109 -0.032  0.037  0.111  0.199  0.307  0.438  0.593  0.769  0.968  1.189  1.433
-0.551 -0.531 -0.512 -0.472 -0.391 -0.248 -0.038  0.217  0.460  0.650  0.787  0.894  0.991  1.093  1.211  1.348  1.509  1.695  1.904
-0.532 -0.523 -0.514 -0.483 -0.410 -0.266 -0.029  0.295  0.662  1.001  1.263  1.447  1.579  1.685  1.786  1.897  2.025  2.174  2.346
-0.498 -0.494 -0.490 -0.474 -0.420 -0.294 -0.067  0.265  0.673  1.099  1.486  1.791  2.005  2.157  2.274  2.379  2.488  2.610  2.750
-0.486 -0.477 -0.468 -0.448 -0.401 -0.298 -0.102  0.205  0.606  1.056  1.511  1.920  2.248  2.486  2.652  2.779  2.889  2.997  3.116
-0.473 -0.461 -0.449 -0.428 -0.383 -0.283 -0.103  0.172  0.539  0.976  1.445  1.913  2.338  2.677  2.923  3.097  3.229  3.340  3.450
-0.481 -0.458 -0.436 -0.408 -0.361 -0.268 -0.099  0.163  0.511  0.921  1.375  1.859  2.334  2.759  3.100  3.342  3.516  3.650  3.764
-0.484 -0.461 -0.439 -0.407 -0.354 -0.258 -0.097  0.149  0.485  0.893  1.341  1.816  2.302  2.779  3.198  3.520  3.754  3.927  4.062
-0.476 -0.455 -0.435 -0.403 -0.352 -0.259 -0.097  0.147  0.476  0.881  1.336  1.814  2.296  2.791  3.254  3.649  3.948  4.170  4.341
-0.465 -0.444 -0.424 -0.391 -0.340 -0.254 -0.103  0.135  0.469  0.881  1.341  1.825  2.325  2.822  3.305  3.749  4.110  4.380  4.590
-0.450 -0.430 -0.411 -0.373 -0.317 -0.232 -0.092  0.134  0.464  0.886  1.360  1.860  2.364  2.875  3.375  3.843  4.250  4.567  4.807
-0.436 -0.415 -0.395 -0.354 -0.287 -0.190 -0.047  0.172  0.491  0.908  1.391  1.906  2.423  2.947  3.458  3.945  4.379  4.732  5.002
-0.431 -0.406 -0.382 -0.334 -0.254 -0.136  0.023  0.246  0.559  0.966  1.442  1.957  2.489  3.023  3.545  4.049  4.501  4.876  5.165
-0.427 -0.404 -0.382 -0.337 -0.254 -0.115  0.084  0.335  0.657  1.057  1.520  2.023  2.557  3.096  3.627  4.141  4.604  4.992  5.284
-0.430 -0.405 -0.381 -0.336 -0.257 -0.117  0.102  0.399  0.757  1.166  1.620  2.107  2.627  3.159  3.691  4.205  4.671  5.061  5.346
-0.429 -0.407 -0.386 -0.346 -0.271 -0.132  0.091  0.407  0.805  1.250  1.712  2.189  2.688  3.203  3.723  4.226  4.683  5.068  5.349
-0.424 -0.404 -0.385 -0.351 -0.285 -0.158  0.062  0.382  0.789  1.255  1.745  2.235  2.723  3.218  3.717  4.201  4.643  5.019  5.299
-0.424 -0.404 -0.385 -0.350 -0.291 -0.179  0.025  0.338  0.745  1.210  1.705  2.213  2.712  3.199  3.680  4.143  4.570  4.938  5.222
-0.420 -0.401 -0.383 -0.353 -0.297 -0.192 -0.007  0.284  0.678  1.139  1.634  2.145  2.655  3.151  3.626  4.075  4.489  4.849  5.136
-0.412 -0.392 -0.373 -0.343 -0.292 -0.197 -0.023  0.249  0.620  1.069  1.563  2.075  2.587  3.090  3.570  4.016  4.422  4.773  5.058
-0.397 -0.378 -0.360 -0.330 -0.280 -0.191 -0.032  0.224  0.578  1.010  1.497  2.013  2.530  3.036  3.521  3.971  4.371  4.713  4.986
-0.377 -0.356 -0.336 -0.308 -0.259 -0.171 -0.019  0.223  0.563  0.983  1.459  1.970  2.492  2.999  3.487  3.940  4.335  4.663  4.914
-0.341 -0.322 -0.304 -0.274 -0.226 -0.141  0.005  0.236  0.563  0.974  1.444  1.951  2.470  2.979  3.466  3.916  4.303  4.612  4.832
-0.278 -0.259 -0.241 -0.215 -0.170 -0.088  0.052  0.272  0.586  0.984  1.447  1.947  2.461  2.967  3.448  3.886  4.259  4.543  4.732
-0.204 -0.183 -0.163 -0.133 -0.092 -0.016  0.119  0.331  0.629  1.013  1.461  1.952  2.459  2.955  3.420  3.835  4.185  4.445  4.611
-0.175 -0.131 -0.091 -0.046  0.005  0.083  0.210  0.410  0.692  1.055  1.485  1.961  2.455  2.935  3.370  3.751  4.073  4.315  4.481
-0.172 -0.109 -0.054  0.010  0.088  0.183  0.315  0.505  0.766  1.108  1.517  1.973  2.446  2.899  3.294  3.635  3.931  4.167  4.339
-0.208 -0.126 -0.057  0.023  0.121  0.245  0.402  0.598  0.846  1.159  1.544  1.978  2.426  2.846  3.197  3.498  3.773  4.011  4.190
-0.316 -0.201 -0.110 -0.008  0.105  0.245  0.426  0.643  0.894  1.193  1.554  1.966  2.391  2.776  3.089  3.355  3.614  3.853  4.042
-0.389 -0.289 -0.208 -0.099  0.038  0.200  0.397  0.633  0.902  1.200  1.542  1.932  2.336  2.693  2.975  3.217  3.463  3.698  3.901
-0.440 -0.365 -0.301 -0.209 -0.082  0.095  0.316  0.575  0.866  1.179  1.515  1.883  2.264  2.600  2.862  3.086  3.321  3.553  3.703
-0.462 -0.417 -0.376 -0.305 -0.196 -0.037  0.184  0.467  0.787  1.124  1.472  1.829  2.188  2.505  2.753  2.965  3.191  3.421  3.571
-0.465 -0.441 -0.418 -0.374 -0.296 -0.162  0.042  0.326  0.675  1.047  1.415  1.772  2.115  2.415  2.649  2.854  3.072  3.303  3.453
-0.468 -0.454 -0.440 -0.414 -0.361 -0.264 -0.087  0.186  0.550  0.956  1.351  1.713  2.046  2.331  2.554  2.754  2.967  3.109  3.216
-0.465 -0.458 -0.451 -0.434 -0.400 -0.329 -0.191  0.055  0.423  0.856  1.281  1.654  1.981  2.255  2.470  2.665  2.875  3.016  3.122
-0.467 -0.461 -0.455 -0.444 -0.421 -0.371 -0.266 -0.057  0.293  0.747  1.202  1.595  1.919  2.185  2.396  2.589  2.794  2.933  3.038
-0.467 -0.462 -0.457 -0.449 -0.431 -0.395 -0.316 -0.147  0.170  0.626  1.113  1.529  1.859  2.120  2.329  2.523  2.657  2.759  2.841
-0.469 -0.464 -0.459 -0.452 -0.438 -0.409 -0.347 -0.213  0.057  0.494  1.005  1.453  1.795  2.059  2.269  2.464  2.598  2.700  2.783
-0.467 -0.464 -0.461 -0.454 -0.441 -0.416 -0.365 -0.253 -0.026  0.373  0.887  1.364  1.725  1.995  2.213  2.411  2.546  2.650  2.733
-0.467 -0.464 -0.461 -0.455 -0.443 -0.421 -0.375 -0.279 -0.082  0.275  0.772  1.267  1.651  1.933  2.158  2.363  2.502  2.607  2.691
-0.465 -0.463 -0.461 -0.456 -0.445 -0.425 -0.382 -0.294 -0.118  0.203  0.675  1.174  1.578  1.873  2.107  2.318  2.459  2.566  2.651
-0.465 -0.462 -0.459 -0.454 -0.445 -0.426 -0.387 -0.305 -0.142  0.153  0.596  1.091  1.509  1.820  2.064  2.282  2.426  2.535  2.621
-0.462 -0.459 -0.456 -0.450 -0.441 -0.424 -0.388 -0.311 -0.157  0.119  0.537  1.021  1.448  1.774  2.030  2.251  2.397  2.506  2.593
-0.466 -0.459 -0.452 -0.442 -0.428 -0.409 -0.375 -0.309 -0.173  0.081  0.464  0.920  1.353  1.704  1.978  2.185  2.325  2.430  2.515
-0.471 -0.466 -0.461 -0.451 -0.430 -0.399 -0.353 -0.282 -0.160  0.065  0.425  0.864  1.289  1.643  1.897  2.081  2.210  2.309  2.390
-0.471 -0.469 -0.467 -0.463 -0.453 -0.429 -0.374 -0.277 -0.130  0.091  0.420  0.831  1.232  1.548  1.755  1.910  2.024  2.114  2.189
-0.471 -0.470 -0.469 -0.467 -0.462 -0.450 -0.419 -0.339 -0.168  0.097  0.433  0.805  1.147  1.396  1.567  1.705  1.810  1.894  1.964
-0.471 -0.471 -0.471 -0.469 -0.466 -0.458 -0.438 -0.386 -0.258  0.001  0.358  0.709  0.993  1.201  1.349  1.535  1.665  1.765  1.846
-0.472 -0.472 -0.472 -0.471 -0.468 -0.463 -0.449 -0.411 -0.317 -0.118  0.199  0.529  0.789  0.979  1.138  1.349  1.490  1.597  1.682
-0.473 -0.473 -0.473 -0.472 -0.470 -0.467 -0.457 -0.429 -0.359 -0.207  0.047  0.335  0.575  0.759  0.935  1.179  1.334  1.448  1.539
-0.473 -0.473 -0.473 -0.473 -0.472 -0.469 -0.462 -0.443 -0.392 -0.279 -0.083  0.157  0.373  0.557  0.755  1.015  1.177  1.294  1.386
-0.475 -0.475 -0.475 -0.474 -0.472 -0.470 -0.465 -0.451 -0.415 -0.333 -0.186  0.008  0.202  0.394  0.613  0.904  1.077  1.200  1.296
-0.478 -0.477 -0.476 -0.475 -0.474 -0.471 -0.465 -0.452 -0.424 -0.363 -0.251 -0.093  0.085  0.279  0.509  0.793  0.963  1.085  1.180
-0.478 -0.478 -0.478 -0.478 -0.477 -0.474 -0.468 -0.453 -0.424 -0.369 -0.277 -0.144  0.017  0.197  0.414  0.688  0.855  0.975  1.069
-0.481 -0.481 -0.481 -0.480 -0.480 -0.478 -0.473 -0.460 -0.429 -0.372 -0.285 -0.167 -0.032  0.119  0.319  0.574  0.734  0.850  0.942
-0.484 -0.484 -0.484 -0.483 -0.483 -0.482 -0.478 -0.469 -0.444 -0.392 -0.308 -0.203 -0.092  0.034  0.215  0.461  0.617  0.732  0.822
-0.487 -0.487 -0.487 -0.487 -0.487 -0.486 -0.484 -0.477 -0.460 -0.420 -0.351 -0.261 -0.167 -0.054  0.114  0.359  0.515  0.629  0.719
-0.491 -0.491 -0.491 -0.491 -0.491 -0.491 -0.489 -0.485 -0.473 -0.445 -0.394 -0.323 -0.240 -0.137  0.023  0.280  0.440  0.557  0.649
-0.497 -0.497 -0.497 -0.497 -0.497 -0.496 -0.495 -0.492 -0.484 -0.465 -0.428 -0.374 -0.303 -0.210 -0.054  0.187  0.341  0.455  0.544
-0.503 -0.503 -0.503 -0.503 -0.503 -0.503 -0.502 -0.500 -0.494 -0.480 -0.454 -0.413 -0.358 -0.272 -0.156  0.130  0.301  0.423  0.519
-0.513 -0.512 -0.511 -0.511 -0.511 -0.511 -0.511 -0.509 -0.504 -0.494 -0.476 -0.447 -0.404 -0.349 -0.208  0.117  0.301  0.430  0.529
-0.522 -0.522 -0.522 -0.521 -0.521 -0.521 -0.521 -0.519 -0.516 -0.509 -0.496 -0.478 -0.455 -0.414 -0.284  0.040  0.223  0.352  0.451
-0.534 -0.534 -0.534 -0.534 -0.534 -0.534 -0.534 -0.533 -0.530 -0.526 -0.518 -0.515 -0.501 -0.526 -0.341  0.036  0.235  0.371  0.474